>> [score clusters] = CGRASP_clu('n/Cardiotopography',2126,23,10,23.24, 30, 0.1, 0.5)

score =

          88955.4645403373


clusters =

  Columns 1 through 6

           129.78431372549           129.78431372549          1.45098039215686          6.66666666666667          4.74509803921569          43.5046725416413

  Columns 7 through 12

          2.23529411764706          4.64705882352941          1.86274509803922          1.82352941176471          5.18627450980392        0.0392156862745098

  Columns 13 through 18

          1.20588235294118                         0          104.705423514655          66.9855235367901          171.690947051445          6.77450980392157

  Columns 19 through 24

         0.803921568627451          133.182060806449          121.078890210835          131.774968642208          51.5728411543357           132.64450867052

  Columns 25 through 30

           132.64450867052          3.40173410404624          3.52312138728324          3.91329479768786          44.6387283236994          1.09826589595376

  Columns 31 through 36

          3.90462427745665           8.8150289017341          6.00578034682081          1.21676300578035        0.0491329479768786        0.0549132947976879

  Columns 37 through 42

          1.91945629802228          50.3021026487365          109.022359080256          152.907514450867          3.65606936416185          8.02312138728324

  Columns 43 through 48

          138.384393063584          136.367052023121          134.971098265896          5.46319005269197          138.696808510638          138.696808510638

  Columns 49 through 54

          4.82446808510638          2.20744680851064          4.91489361702128          44.1436170212766          0.74468085106383          4.63829787234043

  Columns 55 through 60

          3.62234042553191          8.02659574468085          5.01595744680851          1.17021276595745                         0                         0

  Columns 61 through 66

                         0           73.718085106383          100.734042553191          174.452127659574          4.29787234042553         0.265957446808511

  Columns 67 through 72

           150.43085106383          146.824468085106          149.595744680851              132.36328125              132.36328125                  4.546875

  Columns 73 through 78

                4.13671875                3.91015625                42.2578125                  1.484375                 5.0390625                3.71484375

  Columns 79 through 84

                  9.796875                4.99609375                2.73046875                0.00390625                0.17578125                         0

  Columns 85 through 90

                  124.8125                59.9921875               184.8046875                7.11328125                 0.6328125                  138.6875

  Columns 91 through 96

               133.9921875                138.921875          130.655826558266          130.655826558266           2.3929539295393          2.26829268292683

  Columns 97 through 102

          3.49593495934959          43.9837398373984          0.97289972899729          5.11111111111111          4.94308943089431          9.00542005420054

  Columns 103 through 108

          5.17344173441734          2.66666666666667         0.002710027100271        0.0650406504065041                         0          88.3360433604336

  Columns 109 through 114

          69.5420054200542          157.878048780488          5.04065040650407         0.441734417344173          134.005420054201          129.867208672087

  Columns 115 through 120

            134.0027100271          125.644444444444          125.644444444444          4.55555555555556          90.0402307410892          3.95555555555556

  Columns 121 through 126

          37.4222222222222          2.28888888888889          4.95555555555556                         0          9.15555555555556          4.71111111111111

  Columns 127 through 132

          3.82222222222222        0.0222222222222222         0.222222222222222                         0          124.023626790007          59.1777777777778

  Columns 133 through 138

          183.201404567785          7.93333333333333         0.288888888888889          137.043039876659           129.75415098777          137.665262098882

  Columns 139 through 144

          139.950354609929          139.950354609929        0.0283687943262411          2.99290780141844          1.84397163120567          68.1205673758865

  Columns 145 through 150

                         0          3.71631205673759          52.0628702888253          4.31205673758865          5.08510638297872         0.049645390070922

  Columns 151 through 156

                         0                         0                         0          19.6241134751773          129.829787234043           149.45390070922

  Columns 157 through 162

          1.66666666666667         0.106382978723404          142.829787234043          141.829787234043          143.581560283688          124.006896551724

  Columns 163 through 168

          124.006896551724          1.63448275862069          1.47586206896552                       3.6          33.4263727819768         0.668965517241379

  Columns 169 through 174

          5.23448275862069          4.60689655172414          9.03448275862069          4.85172413793103         0.437931034482759                         0

  Columns 175 through 180

        0.0344827586206897                         0           41.448275862069          104.358620689655          145.806896551724                       2.2

  Columns 181 through 186

         0.210344827586207          127.096551724138          126.396551724138          128.034482758621                     131.1                     131.1

  Columns 187 through 192

                       2.9          304.183396048918                       3.4                      27.9                       1.5                      4.65

  Columns 193 through 198

                       0.4                       8.3                       6.1                       2.8                       0.1                       0.9

  Columns 199 through 204

                      5.55                     112.3          57.2958490122295           176.45415098777                      7.35                      6.65

  Columns 205 through 210

                     130.9                    123.45                     129.3          141.268292682927          141.268292682927          2.08130081300813

  Columns 211 through 216

          1.81571815718157          3.19241192411924          56.9593495934959        0.0840108401084011          5.72086720867209          5.54883004203984

  Columns 217 through 222

          6.87533875338753          4.96747967479675        0.0731707317073171                         0                         0                         0

  Columns 223 through 228

          32.4878048780488          130.016260162602           162.50406504065          1.91056910569106        0.0813008130081301          147.859078590786

  Columns 229 through 230

          146.791327913279          148.558265582656

>> 

