>> [score clusters] = CGRASP_clu('n/ozone0',2536,73,21,61.93, 30, 0.1, 0.5)

score =

          159339.155907149


clusters =

  Columns 1 through 6

          1.33424657534247          1.31506849315068           1.2027397260274          1.12739726027397          1.12054794520548           1.0986301369863

  Columns 7 through 12

          1.08493150684932          1.22465753424658          1.81780821917808          2.29315068493151          2.26986301369863          2.29041095890411

  Columns 13 through 18

                       2.4          2.43835616438356          2.40547945205479          2.37945205479452          2.34383561643836          2.04246575342466

  Columns 19 through 24

          1.58219178082192          1.41369863013699          1.26712328767123          1.23972602739726          1.12876712328767          1.11917808219178

  Columns 25 through 30

          3.18630136986301          1.71917808219178          4.50958904109589          3.96027397260274          3.47945205479452          3.06712328767123

  Columns 31 through 36

          2.67123287671233          2.35616438356164          2.15342465753425          2.45342465753425           3.9958904109589           5.8986301369863

  Columns 37 through 42

          7.45890410958904          8.67260273972603          9.84931506849315          10.6191780821918          11.2123287671233          11.5616438356164

  Columns 43 through 48

          11.4945205479452          10.8095890410959          9.62876712328767          8.47397260273973          7.65616438356164          7.04520547945206

  Columns 49 through 54

          6.41369863013699          5.95205479452055          11.7931506849315          6.74383561643836          2.96712328767123         0.301506849315068

  Columns 55 through 60

          5.93821917808219         -8.73917808219178          1508.70547945205         -1.97808219178082         0.209041095890411          14.0934246575342

  Columns 61 through 66

         -5.54315068493151          3067.69178082192          -16.986301369863         0.171095890410959          16.8802739726027         -2.29219178082192

  Columns 67 through 72

          5670.82191780822         -19.2157534246575          21.4595890410959           10226.301369863          78.8356164383562        0.0271232876712329

  Columns 73 through 78

                         0        0.0633333333333333                      0.07        0.0677777777777778        0.0666666666666667        0.0666666666666667

  Columns 79 through 84

        0.0666666666666667        0.0644444444444444        0.0655555555555556        0.0544444444444444        0.0555555555555556        0.0611111111111111

  Columns 85 through 90

        0.0577777777777778        0.0511111111111111        0.0511111111111111        0.0488888888888889        0.0466666666666667        0.0366666666666667

  Columns 91 through 96

        0.0377777777777778        0.0366666666666667        0.0311111111111111                      0.03        0.0333333333333333        0.0344444444444444

  Columns 97 through 102

        0.0344444444444444                      0.07        0.0511111111111111        0.0566666666666667        0.0522222222222222        0.0377777777777778

  Columns 103 through 108

        0.0288888888888889        0.0277777777777778        0.0277777777777778                      0.03                      0.03                      0.03

  Columns 109 through 114

        0.0322222222222222        0.0288888888888889        0.0322222222222222        0.0366666666666667        0.0366666666666667                      0.04

  Columns 115 through 120

        0.0411111111111111        0.0311111111111111        0.0266666666666667        0.0244444444444444        0.0233333333333333        0.0222222222222222

  Columns 121 through 126

        0.0222222222222222        0.0211111111111111        0.0211111111111111        0.0566666666666667        0.0322222222222222          17.5044444444444

  Columns 127 through 132

         0.733444444444444         -1.23066666666667          1.48133333333333          1548.57777777778          8.32333333333334         0.581111111111111

  Columns 133 through 138

                     0.177         0.789777777777778          3182.52222222222         -6.82888888888889         0.432555555555556          1.70277777777778

  Columns 139 through 144

         0.750444444444444          5887.44444444444                      26.2          42.9055555555556          10148.3333333333         0.944444444444444

  Columns 145 through 150

         0.733333333333333        0.0222222222222222                     2.725                         3                       2.8                       2.6

  Columns 151 through 156

                     2.925                       3.2                       3.1                      3.45                      2.65                       2.7

  Columns 157 through 162

                     2.225                       1.7                       1.7                       1.9                     1.725                       2.1

  Columns 163 through 168

                       1.9                       1.5                     1.775                     1.425                     1.075                     1.175

  Columns 169 through 174

                      1.35                       1.2                         4                      2.65                     17.95                      17.6

  Columns 175 through 180

                     17.35                     16.75                      16.4                     16.35                    16.325                     16.75

  Columns 181 through 186

                     10.75                      11.3                      11.7                      4.95                       4.9                       4.9

  Columns 187 through 192

                     4.875                      4.65                     4.425                     4.375                     4.275                     4.125

  Columns 193 through 198

                         4                       3.8                     3.575                     3.375                    19.325                      16.3

  Columns 199 through 204

                     16.45                      0.68                      2.43       -0.0100000000000001                    1546.5                      7.35

  Columns 205 through 210

                     0.745                      5.47                    2.9525                    3175.5                     -7.85                      0.52

  Columns 211 through 216

                    10.555                    5.2975                      5870                    29.425                   42.0375                     10175

  Columns 217 through 222

                      52.5                      0.54                         0          1.73257575757576          1.61363636363636          1.51590909090909

  Columns 223 through 228

          1.57954545454545          1.58030303030303          1.67121212121212          1.81212121212121          2.23030303030303          2.54015151515152

  Columns 229 through 234

           2.7219696969697                     2.775          2.79166666666667          2.85151515151515          2.93863636363636          3.03333333333333

  Columns 235 through 240

          3.09469696969697          3.09924242424243          2.93257575757576          2.55227272727273          2.29393939393939          2.03106060606061

  Columns 241 through 246

          1.97575757575758          1.78181818181818           1.7469696969697          4.08484848484848                       2.3          24.7393939393939

  Columns 247 through 252

          24.9090909090909          24.5371212121212          24.2121212121212          24.2257575757576          24.2962121212121          24.5363636363636

