>> [score clusters] = CGRASP_clu('n/seismicBumps',2584,15,19,56.93, 30, 0.1, 0.5)

score =

          33827527.0524788


clusters =

  Columns 1 through 6

          55110.4494259546                    261.24         -12.8133333333333         -11.7066666666667         0.253333333333333         0.153333333333333

  Columns 7 through 12

                       0.1                         0                         0                         0                         0                         0

  Columns 13 through 18

                       420          392.666666666667        0.0133333333333333          1371957.53880278          2353.34426229508          27.2786885245902

  Columns 19 through 24

          22.3934426229508          1.75409836065574         0.672131147540984         0.868852459016393         0.213114754098361                         0

  Columns 25 through 30

                         0                         0                         0          3923.77672499112          1753.28492171243         0.147540983606557

  Columns 31 through 36

          16467.9274611399          336.968911917098         -1.52331606217617         -2.44559585492228         0.404145077720207         0.217616580310881

  Columns 37 through 42

         0.186528497409326                         0                         0                         0                         0                         0

  Columns 43 through 48

          744.041450777202          649.222797927461        0.0207253886010363          438779.564063065          1106.07792207792          3.22077922077922

  Columns 49 through 54

          3.71428571428571          1.45454545454545         0.818181818181818         0.532467532467532         0.103896103896104                         0

  Columns 55 through 60

                         0                         0                         0          11590.8070518877          8185.01391555426         0.103896103896104

  Columns 61 through 66

          816865.295457862          1941.83606557377                         1          4.70491803278689          2.13114754098361         0.934426229508197

  Columns 67 through 72

                         1          0.19672131147541                         0                         0                         0                         0

  Columns 73 through 78

          8742.62295081967          6311.47540983607         0.295081967213115          587118.051596783           1454.9347826087         -7.02173913043478

  Columns 79 through 84

         -3.80434782608696          2.02173913043478         0.630434782608696          1.02173913043478         0.369565217391304                         0

  Columns 85 through 90

                         0                         0                         0          8800.63301335981          5524.54605683807         0.217391304347826

  Columns 91 through 96

          30113.7795275591          504.366141732283          29.8976377952756          19.7165354330709         0.614173228346457         0.366141732283465

  Columns 97 through 102

         0.240157480314961        0.0078740157480315                         0                         0                         0                         0

  Columns 103 through 108

          1020.07874015748          809.055118110236        0.0511811023622047                   11167.5          286.805555555556         -3.08333333333333

  Columns 109 through 114

          15.8888888888889         0.194444444444444         0.111111111111111        0.0833333333333333                         0                         0

  Columns 115 through 120

                         0                         0                         0          202.777777777778                       150        0.0277777777777778

  Columns 121 through 126

          8925.82278481013          189.151898734177         -22.3924050632911         -25.0632911392405         0.215189873417722        0.0886075949367089

  Columns 127 through 132

         0.113924050632911        0.0126582278481013                         0                         0                         0                         0

  Columns 133 through 138

          570.886075949367          550.632911392405        0.0126582278481013          4656.97940503433          104.574370709382         -33.7185354691076

  Columns 139 through 144

         -35.7574370709382         0.135011441647597        0.0617848970251716         0.068649885583524                         0                         0

  Columns 145 through 150

                         0                         0                         0          238.672768878719          232.151029748284        0.0160183066361556

  Columns 151 through 156

          70231.2472972636          629.987096774194          53.6193548387097          28.1870967741935          1.30322580645161         0.574193548387097

  Columns 157 through 162

          0.67741935483871        0.0516129032258065                         0                         0                         0                         0

  Columns 163 through 168

          3191.61290322581          2321.93548387097         0.103225806451613          22217.4474474474           403.66966966967          11.5285285285285

  Columns 169 through 174

          6.97597597597598          0.60960960960961         0.318318318318318         0.285285285285285       0.00600600600600601                         0

  Columns 175 through 180

                         0                         0                         0          1275.07507507508          1080.18018018018        0.0600600600600601

  Columns 181 through 186

          106064.369232741          268.662337662338         -10.4935064935065         -4.36363636363636         0.233766233766234        0.0649350649350649

  Columns 187 through 192

         0.155844155844156         0.012987012987013                         0                         0                         0                         0

  Columns 193 through 198

          3473.32560386595          3443.45547399582         0.012987012987013          155407.033335113          514.034482758621          35.8448275862069

  Columns 199 through 204

          25.1293103448276          1.68103448275862         0.681034482758621         0.974137931034483        0.0258620689655172                         0

  Columns 205 through 210

                         0                         0                         0          4533.62068965517          3437.93103448276        0.0862068965517241

  Columns 211 through 216

          45933.9820691435          509.633333333333                     18.45          23.9666666666667          2.88333333333333         0.933333333333333

  Columns 217 through 222

         0.816666666666667          1.08333333333333                      0.05                         0                         0                         0

  Columns 223 through 228

          70488.5698851909          64293.5698851909                       0.1          40870.7357849258          564.423357664234          50.4744525547445

  Columns 229 through 234

           36.029197080292         0.708029197080292         0.445255474452555         0.262773722627737                         0                         0

  Columns 235 through 240

                         0                         0                         0          981.751824817518          814.598540145985        0.0510948905109489

  Columns 241 through 246

          217931.578199761          742.613636363636          79.3693181818182          37.3977272727273          1.47727272727273         0.681818181818182

  Columns 247 through 252

         0.704545454545455        0.0909090909090909                         0                         0                         0                         0

